0.079098
0.078499
0.078038
0.078060
0.078542
0.078887
0.079093
0.079117
0.079138
0.983510
0.078928
0.078109
0.078790
0.078532
0.078322
0.078819
0.078499
0.078819
0.078297
0.078729
0.078426
0.078264
0.078622
0.078607
0.078674
0.078667
0.078444
0.078370
0.078472
0.078635
0.078638
0.078765
0.078583
0.079439
0.078821
0.078884
0.078845
0.078655
0.078922
0.078827
0.078734
0.078763
0.079055
0.078709
0.078638
0.078771
0.078577
0.078361
0.077902
0.077846
0.078523
0.078540
0.078622
0.078690
0.079082
0.078949
0.078616
0.078824
0.079096
0.079020
0.079031
0.079117
0.078933
0.078791
0.078576
0.078544
0.078516
0.078759
0.078344
0.078619
0.078501
0.078591
0.078173
0.078112
0.078351
0.078691
0.078506
0.078501
0.078226
0.078865
0.078272
0.078591
0.078519
0.078422
0.078400
0.078486
0.078702
0.078773
0.078714
0.078600
0.078301
0.078269
0.078537
0.078760
0.078653
0.078341
0.078255
0.078605
0.078518
0.078607
0.078607
0.078765
0.078426
0.078592
0.078726
0.078689
0.078678
0.078585
0.078504
0.078574
0.078513
0.078986
0.078419
0.078539
0.078211
0.078477
0.078617
0.078463
0.078542
0.078487
0.078470
0.078555
0.078170
0.078239
0.078510
0.078447
0.078427
0.078105
0.078074
0.078282
0.078251
0.078357
0.078135
0.078367
0.078561
0.078104
0.078334
0.078735
0.078347
0.078152
0.078034
0.078285
0.078643
0.078217
0.078436
0.078714
0.078391
0.078048
0.078343
0.078234
0.078303
0.078213
0.078592
0.078456
0.078258
0.078232
0.078041
0.077954
0.078477