91
86
85
86
87
87
84
85
81
85
83
85
76
91
87
84
86
84
85
90
88
90
88
88
88
88
85
83
88
90
84
87
82
85
88
91
86
86
80
90
82
87
85
87
86
81
82
84
83
90
85
83
83
91
83
85
88
87
79
89
83
88
85
84
79
84
89
80
81
86
85
83
90
82
89
84
87
89
85
87
87
87
89
88
90
85
87
85
86
86
83
83
83
81
82
84
91
85
90
86
80
84
75
86
84
84
88
77
85
86
86
85
86
87
84
85
86
83
84
80
88
85
79
86
84
79
85
79
79
87
86
80
86
85
90
89
87
89
86
88
87
77
78
84
90
89
83
83
85
77
88
84
83
84
87
83
84
84
88
84
90
86
79
88
86
95
87
81
87
91
85
78
84
85
83
86
84
83
88
83
91
89
92
90
80
85
88
87
84
86
89
91
87
87
78
86
81
89
79
91
91
83
89
82
88
86
88
90
88
86
86
86
83
84
80
85
92
91
79
92
88
80
84
83
81
86
86
88
88
84
87
77
89
85
85
85
86
85
82
83
81
83
87
88
85
84
83
78
80
83
85
83
87
83
82
87
87
84
88
88
87
86
82
84
89
91
86
88
84
88
89
84
85
87
82
84
80
87
87
91
80
84
86
83
85
84
89
88
88
79
85
88
81
84
89
87
82
88
83
87
82
79
88
79
87
92
83
77
84
87
94
84
86
92
88
89
84
88
88
84
84
83
88
91
90
88
86
87
92
89
86
91
87
88
82
84
84
83
87
86
92
84
91
85
83
86
85
83
84
95
82
85
88
86
85
85
87
87
86
85
84
85
88
84
88
92
88
87
87
90
83
84
89
82
89
81
89
84
84
82
86
84
81
83
86
88
89
88
92
84
87
94
82
85
85
86
86
89
79
88
90
89
77
81
82
83
88
86
89
84
86
84
88
83
88
77
79
89
92
89
78
90
92
80
93
79
90
81
91
82
88
88
77
85
87
86
89
88
79
83
83
81
77
84
84
80
86
85
79
84
81
90
87
86
86
87
84
92
81
88
81
86
85
85
87
82
87
87
88
78
90
90
89
84
83
88
88
88
80
83
88
91
83
88
86
89
81
82
84
95
84
83
88
91
85
92
83
83
88
82
